Epoch	AverageEpRet	StdEpRet	MaxEpRet	MinEpRet	EpLen	AverageVVals	StdVVals	MaxVVals	MinVVals	TotalEnvInteracts	LossPi	LossV	DeltaLossPi	DeltaLossV	Entropy	KL	Time
0	-3835.589	0.0	-3835.589	-3835.589	100.0	0.04763215	0.25367427	0.8148974	-0.6092573	100	-0.16485785	141602.11	0.0	-676.2031	0.91893876	-1.1920929e-08	0.6813645362854004
10	-889.2599	456.16898	-321.4552	-1875.6163	30.578947	-5.3025312	3.3722932	0.39633465	-11.114999	1100	-0.16613577	54084.508	0.0	-460.14413	0.917469	4.768371e-10	7.789673805236816
20	-1188.2805	815.28107	-320.11435	-2772.2493	41.36842	-15.527942	2.7512257	-5.846675	-20.18729	2100	-0.15784076	50794.203	0.0	-418.059	0.91484576	3.5762784e-09	14.86890172958374
30	-1114.2444	783.8953	-225.87447	-2837.3994	39.15	-24.318407	2.5971777	-19.658907	-29.070997	3100	-0.15582521	50442.05	0.0	-404.59122	0.9123365	4.172327e-10	21.79642415046692
40	-738.7889	476.46255	-196.98137	-2148.5957	25.608696	-32.58129	2.316808	-28.41304	-37.214355	4100	-0.11815961	37468.9	0.0	-263.43594	0.9100739	-5.602837e-09	28.697162628173828
50	-948.8331	677.95026	-212.01857	-2626.1182	35.086956	-40.62078	2.3346376	-35.88657	-45.087677	5100	-0.14398652	33903.43	0.0	-309.67773	0.9080863	1.6093257e-09	35.99450492858887
60	-1189.6831	991.6757	-200.92082	-3271.6975	41.0	-49.084415	2.7590294	-44.054207	-54.20236	6100	-0.22065187	44320.082	0.0	-258.58008	0.90599203	-1.6689297e-09	43.3607177734375
70	-1023.44366	760.5582	-215.29956	-2834.4277	37.11111	-57.621822	2.3036296	-53.109875	-61.737595	7100	-0.18134765	32416.84	0.0	-239.73848	0.9034233	-1.7881397e-09	50.32342076301575
80	-801.2855	685.07574	-287.16547	-3174.2224	28.04	-65.33787	2.2264879	-61.26181	-69.30828	8100	-0.09294523	26564.52	0.0	-224.15878	0.90111655	-2.4437905e-09	57.56743812561035
90	-847.1253	505.86273	-240.79013	-1979.3744	31.208334	-72.62655	2.2530239	-68.35702	-77.05618	9100	-0.15724817	24667.09	0.0	-227.00215	0.89915943	4.7683735e-10	64.82543706893921
100	-724.10315	645.8904	-241.11685	-2889.3384	26.26923	-80.23773	2.2165701	-76.154396	-84.88004	10100	-0.15711942	24524.648	0.0	-160.04776	0.89704055	-3.755093e-09	71.85859704017639
110	-686.79297	490.96	-190.40073	-2538.0127	25.733334	-87.98008	1.8843061	-84.22444	-92.10915	11100	-0.18864365	17463.572	0.0	-160.08476	0.8948313	-1.4901161e-09	78.89347767829895
120	-855.20825	519.89606	-169.19244	-2273.374	29.857143	-95.538216	2.452824	-91.09554	-100.26707	12100	-0.13041148	22520.965	0.0	-267.40753	0.892385	4.2319295e-09	85.92452788352966
130	-1173.2377	997.86975	-227.9203	-3221.1948	41.714287	-103.70717	2.5149336	-99.17915	-108.80145	13100	-0.16149017	22795.662	0.0	-224.4498	0.8901483	2.2649767e-09	92.94897603988647
140	-912.0237	645.94305	-251.94366	-2938.6523	33.173912	-112.25837	2.1783774	-108.04364	-116.542175	14100	-0.11155641	16842.809	0.0	-126.62036	0.88804567	1.1920931e-09	99.78470873832703
150	-748.04736	591.3062	-276.96317	-2495.4153	27.931034	-118.67504	1.7528551	-114.77495	-122.165665	15100	-0.18800384	13873.463	0.0	-91.291214	0.8860695	-3.0398368e-09	107.02137398719788
160	-751.3939	575.2684	-241.93362	-2508.9001	26.32	-125.89326	2.0997615	-108.485275	-129.96443	16100	-0.13885376	18546.22	0.0	-164.87422	0.88386595	3.0398364e-09	114.34142708778381
170	-726.9481	603.4064	-159.28407	-2454.3242	26.241379	-133.23949	1.9625988	-129.33765	-137.08578	17100	-0.1781917	12807.178	0.0	-57.627735	0.881667	-4.0531156e-09	121.36427783966064
180	-789.72705	703.3471	-224.85327	-3404.818	28.11111	-140.125	2.2610512	-135.72116	-144.06946	18100	-0.12827332	14845.314	0.0	-143.94453	0.8792938	4.589558e-09	128.49242901802063
190	-603.35394	392.24097	-183.85266	-1660.1467	21.172413	-144.74716	8.8798685	36.653885	-149.53421	19100	-0.15342031	10968.322	0.0	-135.04208	0.8770877	-1.7881385e-10	135.8491542339325
200	-1054.5157	867.7955	-212.13036	-3219.2554	38.0	-152.90465	2.281851	-148.4344	-157.23695	20100	-0.18438178	14104.406	0.0	-164.60092	0.8748024	1.9073487e-09	142.53058171272278
210	-818.1359	633.21643	-180.2244	-2929.3198	28.964285	-160.31502	1.8386302	-157.0562	-164.19067	21100	-0.12287824	11212.048	0.0	-81.740135	0.87236726	-1.2516976e-09	149.99882864952087
220	-575.09314	307.94397	-172.75114	-1401.5585	21.142857	-164.41994	0.7111928	-162.94669	-166.6828	22100	-0.16012165	8456.593	0.0	-29.954737	0.87028426	5.3644206e-10	157.04639506340027
230	-507.18066	286.98782	-174.83427	-1189.0562	18.588236	-169.0466	2.0989318	-165.55194	-172.90834	23100	-0.119911514	13806.12	0.0	-123.46236	0.8681925	4.4703485e-09	164.1318461894989
240	-631.0711	528.8636	-215.22293	-3118.11	23.48276	-173.55711	1.2257509	-170.72928	-175.65607	24100	-0.150561	9964.9	0.0	-46.14741	0.86615574	-2.0265578e-09	171.40938472747803
250	-603.87164	558.82666	-210.0717	-3090.3337	21.113636	-152.86981	63.846935	121.7549	-178.41008	25100	-0.09252844	21036.38	0.0	-9477.419	0.8641863	1.013279e-09	178.7212963104248
260	-797.8248	821.0863	-165.05666	-3036.2021	29.653847	-171.97615	5.108501	-154.59662	-179.68443	26100	-0.1910345	9024.271	0.0	-235.1204	0.86235493	2.1457673e-09	185.92098259925842
270	-600.0228	596.127	-158.80997	-3225.0168	21.8	-180.47255	1.4337971	-174.3847	-184.16747	27100	-0.1498482	10307.628	0.0	-95.0898	0.8601672	-4.7683707e-10	193.41469621658325
280	-720.8368	525.8671	-156.88222	-2541.8638	28.3	-182.15005	0.94778204	-177.9128	-184.29787	28100	-0.15220062	7948.6196	0.0	-21.92622	0.85789233	3.2782559e-09	200.93414783477783
290	-464.15897	247.26509	-195.53947	-1301.0288	16.934782	-179.36191	2.2582116	-170.76465	-183.34549	29100	-0.110404	8062.5537	0.0	-39.532616	0.8557247	-2.9206275e-09	210.10922765731812
300	-695.1647	658.493	-189.87572	-2877.1318	25.68	-182.17152	3.130786	-172.14487	-186.36424	30100	-0.18799439	10678.254	0.0	-121.86753	0.8536333	3.814697e-09	219.09437036514282
310	-680.31635	664.9967	-223.5065	-2983.5005	25.878788	-185.34511	1.4124106	-182.15565	-188.30606	31100	-0.15130828	8697.146	0.0	-88.479935	0.8513163	1.7881403e-10	228.05019855499268
320	-880.3162	806.3601	-242.3923	-2904.7388	33.76	-185.96642	0.83014446	-181.79865	-188.05254	32100	-0.18529902	9335.964	0.0	-72.367966	0.8490033	3.2186507e-09	237.01159405708313
330	-633.1114	506.1316	-252.26462	-2999.2717	23.0	-187.87982	0.56035566	-185.92293	-189.58974	33100	-0.14594965	9006.186	0.0	-35.64868	0.84644794	2.682209e-09	245.89912176132202
340	-499.33847	211.5616	-210.72849	-1128.2684	18.5	-185.17548	2.4216797	-167.75935	-188.90404	34100	-0.13097608	8535.481	0.0	-77.643555	0.84410536	-1.013279e-09	254.877423286438
350	-511.02115	359.88934	-203.55602	-1821.0293	19.461538	-184.41212	1.420836	-180.41245	-186.79532	35100	-0.20082292	9140.369	0.0	-83.21499	0.84192723	-8.344651e-10	263.8701362609863
360	-576.3484	468.91568	-206.36183	-2310.5442	21.2	-185.1021	0.76229995	-182.88522	-186.91971	36100	-0.1502345	8213.877	0.0	-59.457664	0.8393828	-1.251698e-09	272.3359913825989
370	-484.04022	262.64618	-188.88823	-1230.4941	17.818182	-183.80263	0.80978113	-181.05478	-185.50284	37100	-0.09204088	8247.9375	0.0	-81.160545	0.8371199	1.3113022e-09	281.28786873817444
380	-507.81116	305.77936	-145.4822	-1525.665	19.552631	-166.77861	43.357727	116.63257	-184.7145	38100	-0.18621351	8071.9937	0.0	-1113.722	0.83515215	-3.4570693e-09	290.2670986652374
390	-519.3974	372.11798	-179.92766	-2356.435	19.488373	-176.50496	14.1097765	-44.530155	-182.92183	39100	-0.1765913	8948.377	0.0	-508.2272	0.8328236	3.1590464e-09	298.9345922470093
400	-516.4225	348.26395	-211.16682	-1866.3783	19.513514	-163.80113	39.691414	73.88683	-179.13397	40100	-0.13375482	9623.236	0.0	-2300.1575	0.8304928	1.7881392e-09	307.89157485961914
410	-455.13467	261.2161	-146.5548	-1584.7845	17.525	-149.23393	51.473522	88.23015	-179.5775	41100	-0.097650036	9925.892	0.0	-3184.4976	0.828417	2.145767e-09	316.98737621307373
420	-762.0579	769.15607	-204.9523	-3012.3354	28.62963	-171.82013	15.89481	-76.87065	-183.20505	42100	-0.115430914	9392.523	0.0	-991.349	0.8266484	-1.9669533e-09	326.02593970298767
430	-539.9167	482.00928	-201.8899	-2751.1042	19.891891	-181.7172	1.2181901	-178.11061	-184.17172	43100	-0.15716806	9211.172	0.0	-78.55791	0.82495105	-1.4305115e-09	334.1566228866577
440	-605.82117	535.62244	-203.27112	-2800.051	23.314285	-179.756	4.1341496	-150.33672	-183.48666	44100	-0.15383963	8338.639	0.0	-292.15625	0.822902	-5.9604766e-11	341.2968111038208
450	-591.7667	650.4516	-237.8782	-3344.6506	21.46875	-180.9952	2.841767	-165.73314	-184.38683	45100	-0.13935961	9027.813	0.0	-195.60991	0.82065713	-2.0265576e-09	348.38787817955017
460	-635.6518	611.9039	-210.25642	-2722.1228	24.69697	-182.05443	1.0486364	-178.68402	-184.37341	46100	-0.10686648	7919.889	0.0	-86.53867	0.8184821	-2.9802302e-10	355.3019423484802
470	-433.56116	256.66354	-152.49506	-1547.9543	16.65306	-178.37573	1.4327444	-175.93085	-181.92209	47100	-0.142072	8874.288	0.0	-74.382324	0.8166893	-1.1324884e-09	362.64681577682495
480	-496.4577	428.81293	-163.34227	-2211.47	19.175	-159.36017	40.283943	27.598732	-177.82582	48100	-0.17184201	22364.416	0.0	-7646.585	0.8146292	-1.2516976e-09	369.7735891342163
490	-542.3214	493.2462	-155.71503	-2110.365	21.0	-169.587	14.071581	-94.05726	-178.44608	49100	-0.20629852	8336.96	0.0	-527.06476	0.8122411	-8.344652e-10	376.5974533557892
500	-428.49057	191.77379	-193.72682	-1049.3921	15.585366	-172.29555	7.0282617	-135.91782	-177.68239	50100	-0.17444742	8273.536	0.0	-283.43842	0.80961406	3.0398368e-09	383.5491364002228
510	-429.2172	425.2328	-175.04904	-2955.116	15.925	-172.88548	2.2832372	-163.3316	-176.519	51100	-0.13225642	9527.764	0.0	-204.45337	0.8070567	-8.3446483e-10	390.71238136291504
520	-448.7902	276.8778	-170.89049	-1454.6721	17.352942	-174.37753	1.383986	-167.67491	-177.34427	52100	-0.1703303	7288.3423	0.0	-44.90034	0.8045929	1.4305115e-09	398.10908579826355
530	-538.8467	470.87497	-198.72728	-2895.4016	20.21875	-174.40298	1.9981197	-167.86394	-177.84271	53100	-0.17661124	7413.7656	0.0	-114.13125	0.8021201	-2.9802323e-09	405.11522245407104
540	-487.57867	267.023	-199.34471	-1290.4707	19.37143	-144.6031	51.950565	36.15934	-175.14716	54100	-0.20385809	8809.664	0.0	-2825.1323	0.799693	2.0861626e-09	412.3469457626343
550	-439.11816	385.14185	-216.88513	-2945.628	16.76	-161.0952	27.821987	-22.477303	-177.75629	55100	-0.16515611	8922.992	0.0	-1277.8699	0.7970885	5.1259996e-09	419.6194248199463
560	-462.61325	328.95844	-162.85413	-1892.6489	18.209303	-149.76813	31.196676	-15.201847	-173.25533	56100	-0.17337301	6878.2275	0.0	-689.0098	0.7946051	-2.3245812e-09	426.97175788879395
570	-551.9304	407.38977	-208.15775	-1969.2576	21.805555	-145.89197	47.53564	29.650097	-172.9719	57100	-0.14636454	9049.148	0.0	-2532.0786	0.7919721	-5.960441e-11	434.2059109210968
580	-427.1641	258.47607	-161.13191	-1311.4271	16.702127	-151.3329	29.969576	6.816766	-173.79887	58100	-0.19506046	7922.078	0.0	-1356.6416	0.7895956	-1.2516975e-09	442.6076500415802
590	-624.86615	614.7343	-160.99889	-2520.6064	24.3125	-154.16174	28.448177	-15.055741	-177.56732	59100	-0.2080605	7280.366	0.0	-1403.613	0.7869873	-1.0728838e-09	450.2561740875244
600	-463.42087	286.8242	-160.67694	-1422.5547	18.192308	-175.22797	7.115401	-121.99827	-179.60153	60100	-0.16579494	7094.2773	0.0	-343.67938	0.78416634	4.708767e-09	457.74278950691223
610	-469.7495	363.31937	-181.72011	-1858.6367	19.232557	-164.81381	17.061398	-102.26712	-177.89233	61100	-0.14777449	7612.8086	0.0	-699.1724	0.7816369	-1.907349e-09	464.7935724258423
620	-485.563	392.965	-163.05688	-2528.243	19.74359	-147.70026	31.526098	-25.485023	-173.79634	62100	-0.17182109	7466.3994	0.0	-1996.2115	0.77933836	4.351139e-09	470.9138693809509
630	-502.60165	322.01526	-182.40387	-1634.6193	20.55	-141.60947	34.330936	-6.293049	-174.42747	63100	-0.15341198	6368.249	0.0	-1603.7578	0.7769872	-1.311302e-09	478.2119731903076
640	-478.7737	405.84888	-210.88644	-2347.9473	19.411764	-145.4806	31.289865	-42.628155	-176.51787	64100	-0.17754504	8421.697	0.0	-2682.7378	0.77469385	3.8743018e-09	485.4167320728302
650	-463.84952	309.50742	-175.09209	-1486.6499	18.707317	-159.01765	18.34416	-108.4834	-177.26938	65100	-0.20521963	7749.948	0.0	-896.9971	0.77227294	-1.192093e-09	492.76850152015686
660	-404.20926	296.178	-195.68858	-2034.6283	15.976745	-151.45818	26.380638	-57.09568	-178.29805	66100	-0.19350341	8302.151	0.0	-2231.5872	0.769618	-3.5166738e-09	500.1492874622345
670	-419.46814	343.32297	-147.42139	-2477.147	16.711111	-140.7667	33.02472	-15.216381	-178.45071	67100	-0.18794508	7665.0586	0.0	-2540.3677	0.7669202	5.9604675e-11	507.6543650627136
680	-455.67484	373.464	-172.89398	-2118.803	18.181818	-136.28868	37.328953	-20.98056	-177.67702	68100	-0.1750939	7640.6494	0.0	-2707.0933	0.76426697	8.404255e-09	515.1969151496887
690	-506.1207	472.71585	-166.40884	-2640.8289	21.868422	-148.82384	26.03135	-78.235535	-179.97173	69100	-0.18771091	6871.7666	0.0	-1707.7473	0.76163274	2.6226044e-09	522.9198496341705
700	-388.81033	234.55466	-165.07597	-1585.7765	16.282051	-150.92987	30.998	-27.805672	-178.75476	70100	-0.18516316	6753.275	0.0	-1843.804	0.7589582	2.2649764e-09	529.8523433208466
710	-381.642	160.9955	-192.73927	-999.8897	14.921569	-133.18742	37.843056	-21.781887	-178.08682	71100	-0.22166422	6187.393	0.0	-1548.1288	0.75623703	-1.9669533e-09	537.2345607280731
720	-351.47818	155.48347	-163.14978	-1129.7856	13.964286	-125.721344	44.55671	-2.9374828	-175.4752	72100	-0.21333519	5370.2188	0.0	-1342.1755	0.7533835	1.3113023e-09	544.871244430542
730	-362.58365	188.12582	-156.02979	-1377.9197	14.526316	-128.8413	37.64445	-27.474861	-175.48253	73100	-0.14202961	6017.3564	0.0	-1596.0355	0.7507375	-4.708767e-09	552.2331118583679
740	-398.63226	284.6681	-157.40005	-1726.7152	16.947369	-135.18768	33.43102	-48.543983	-174.70206	74100	-0.17638372	7743.803	0.0	-2646.2964	0.7483937	-4.708767e-09	559.7925629615784
750	-384.5075	261.47446	-171.51558	-1857.989	15.897959	-137.87646	32.6052	-68.2537	-176.96776	75100	-0.17908043	7096.099	0.0	-1787.0315	0.74600726	-1.0728838e-09	567.0353791713715
760	-359.84952	141.67648	-186.65363	-845.7684	14.957447	-131.9512	39.55767	-39.791508	-175.72844	76100	-0.123225376	5269.3145	0.0	-1324.429	0.7436183	-6.1988836e-09	574.5852439403534
770	-340.41098	144.02467	-176.36655	-1085.1104	14.321428	-128.22278	40.152336	-19.356136	-174.34747	77100	-0.16504143	5079.0664	0.0	-1264.5593	0.74159896	-8.3446505e-10	582.1884195804596
780	-439.50793	294.55984	-165.54234	-1432.5615	18.305555	-135.50116	43.140762	-13.249229	-177.15187	78100	-0.25580817	7859.1914	0.0	-1918.4235	0.7392539	-2.026558e-09	589.7480425834656
790	-367.82684	243.75577	-188.90894	-1787.4766	14.408163	-149.03072	33.05059	-58.070545	-178.16534	79100	-0.23538168	6252.7554	0.0	-1839.6051	0.73627913	-1.5497207e-09	597.2412912845612
800	-425.24973	397.14832	-168.06131	-2593.8755	17.439024	-144.34119	35.72585	-50.77228	-178.31796	80100	-0.18095747	6432.084	0.0	-2107.4717	0.7332818	-6.7353247e-09	604.6796896457672
810	-366.26675	335.17096	-133.78593	-2376.0288	14.734694	-142.26164	38.500225	-48.66066	-179.75462	81100	-0.23094678	6925.124	0.0	-2010.8623	0.73042136	4.7683715e-09	612.3207929134369
820	-355.29495	139.90883	-158.00484	-800.3885	14.142858	-138.31984	37.9036	-55.74438	-178.08905	82100	-0.19909349	5931.87	0.0	-1770.0873	0.7275699	4.7683707e-10	619.2144587039948
830	-319.94852	150.33638	-164.36786	-995.3853	13.412699	-119.863434	44.620182	-21.98936	-176.12784	83100	-0.21765992	5529.66	0.0	-1700.1322	0.7248465	-1.6689301e-09	626.4335353374481
840	-314.25922	129.7634	-171.75769	-747.3071	12.551724	-126.70003	42.265594	-46.652676	-175.15782	84100	-0.19263986	4946.971	0.0	-1285.4785	0.72210073	-2.9802323e-09	633.7413146495819
850	-307.39948	96.749886	-157.65573	-645.6458	12.4375	-115.49688	44.536835	-32.248398	-174.91736	85100	-0.23964258	4829.307	0.0	-1470.0381	0.7193435	5.125999e-09	640.8012034893036
860	-422.19305	450.6821	-200.57361	-2628.6978	16.76923	-124.14378	41.512363	-40.32704	-175.65018	86100	-0.101936355	7654.4155	0.0	-3563.8992	0.71658313	-4.768371e-10	648.298499584198
870	-302.92596	112.3588	-125.12023	-633.7694	11.921569	-140.40135	41.43757	-42.791832	-177.81049	87100	-0.20454745	4979.9863	0.0	-1083.2076	0.7143989	-6.6161157e-09	655.6265404224396
880	-353.283	341.5661	-169.71143	-2262.769	15.045455	-139.48569	38.231255	-40.4698	-179.82985	88100	-0.25164127	6435.683	0.0	-1983.7659	0.71178216	-1.5497207e-09	663.0938184261322
890	-320.2246	199.86388	-132.41687	-1592.9684	12.786885	-126.55217	51.759335	9.924979	-180.05531	89100	-0.21585146	5985.834	0.0	-1626.2794	0.708818	7.450581e-09	671.0081470012665
900	-378.38724	384.5244	-166.50655	-2023.9279	15.325	-141.25578	44.782963	-28.772507	-181.70645	90100	-0.20455222	6273.058	0.0	-2285.5337	0.7058179	-3.695488e-09	678.0748736858368
910	-311.34418	236.92612	-162.5964	-1550.0961	12.897959	-138.08858	46.075417	-30.163372	-180.98839	91100	-0.13269126	5647.697	0.0	-1434.2885	0.7031929	-1.0728834e-09	685.504462480545
920	-312.85425	161.88985	-149.67316	-1310.13	12.279411	-121.668304	45.253956	-26.92454	-177.68578	92100	-0.22767437	4305.4287	0.0	-948.2557	0.70095193	8.285045e-09	693.185361623764
930	-302.29333	111.19062	-145.96515	-766.7142	12.477273	-139.97787	38.340862	-44.70582	-179.28798	93100	-0.23688543	6734.604	0.0	-2503.0884	0.6981907	-5.9604585e-11	700.5403153896332
940	-355.7378	304.46097	-148.71811	-2439.8635	14.625	-129.74042	41.45462	-32.519325	-179.46692	94100	-0.21909094	5618.868	0.0	-1571.6041	0.6952979	-3.1590457e-09	707.9770522117615
950	-356.91272	380.31985	-157.0899	-2606.1335	14.09375	-124.62531	47.500225	-8.716761	-180.19693	95100	-0.21461232	5377.4824	0.0	-1951.8705	0.69244915	-8.761883e-09	714.7642452716827
960	-302.4473	89.247116	-153.75465	-574.2427	11.966666	-117.992294	48.23643	-26.469856	-178.66656	96100	-0.15922722	4966.2935	0.0	-1783.6979	0.6897303	-2.9802323e-09	722.2821679115295
970	-402.1384	409.3512	-165.72926	-2596.4392	16.023256	-136.22748	42.735054	-39.396057	-181.51456	97100	-0.19024684	6556.794	0.0	-2178.3926	0.68730897	-6.973744e-09	729.7997343540192
980	-364.68744	423.06027	-164.67421	-2551.0342	15.442307	-135.40494	46.43647	-24.92603	-180.76208	98100	-0.19231656	6037.7134	0.0	-2151.8687	0.6848277	1.788139e-10	737.3463320732117
990	-311.26947	272.43982	-157.27415	-2322.264	13.064516	-116.64286	44.86502	-39.79062	-181.2293	99100	-0.23205528	5474.1807	0.0	-1885.7617	0.6822225	5.90086e-09	744.9257180690765
